15
23
31
49
56
64
72
80
98
106
114
122
130
148
155
189
205
254
262
288
296
304
320
338
346
379
403
452
502
601
700
809
908
924
940
1005
1104
1203
1302
1401
1435
1450
1468
1476
1484
1492
1500
1559
1609
1708
1757
1807
13
54
104
138
179
203
252
302
328
336
344
351
385
393
401
427
435
450
500
609
708
807
29
60
86
102
144
201
300
409
508
607
631
680
706
805
839
904
1001
1100
1159
1209
1308
1407
1506
1605
1654
1704
1803
1852
1902
1951
2009
2108
2207
2306
2405
2504
2553
2603
2702
2801
2900
3007
3106
3205
3304
3403
3502
3536
3569
3601
3700
3809
3908
3957
4005
4062
4104
4203
4237
4260
4302
4401
27
50
100
159
175
209
233
282
308
407
456
472
506
605
704
107
131
206
305
347
404
503
602
701
800
859
909
958
1006
1105
1204
1253
1303
1402
1451
1501
1576
1600
1709
1725
1758
1782
1808
1907
1956
2004
2103
2152
2202
2301
2400
2509
2608
2707
2756
2764
2772
2806
2855
2905
2939
2954
3002
3044
3077
3093
3101
3200
3309
3408
3457
3507
3606
3705
3754
3804
3903
4000
4059
4109
4208
4307
4406
4422
4455
4505
4604
4703
4752
4802
4901
4950
4976
5007
5031
5064
5106
5205
5304
5403
5437
5486
5494
5502
5536
5551
5601
5635
5650
5700
5809
5908
6005
6104
6112
6138
6161
6187
6195
6203
6302
6351
6401
6500
6559
6583
6609
6708
6807
6906
7003
7102
7151
7201
7300
7409
7458
7466
7474
7508
7607
7706
7755
7805
7904
7953
7961
7979
8001
8035
8050
8084
8100
8126
8159
8209
8308
8357
8407
55
105
154
204
212
238
253
279
303
402
501
535
550
600
709
808
251
301
350
400
707
1002
1051
1101
1309
1903
2000
2109
2158
2208
2307
2406
2554
2703
2901
3008
3057
3073
3107
3206
3305
3602
3701
3800
3826
3842
3867
3883
3891
3909
4105
4600
5102
5508
5557
5607
6001
6100
6258
6506
7009
7108
7207
7306
7405
7553
7652
7702
8205
8254
8304
9005
9302
9500
9807
10508
10706
10904
11100
11506
11803
11902
11951
12009
12157
12405
12454
12504
12702
12801
13205
13304
13601
13700
13809
13957
14203
14302
14880
15002
15101
15150
15259
15507
15705
15754
16109
16208
16307
16505
16604
16653
16703
17008
17206
17503
17800
17909
18006
18204
18303
18402
18451
18501
18550
18659
18709
18758
18808
18840
18865
18881
18899
18907
19004
20002
20101
20150
20200
20259
20309
20499
20655
20804
20853
20903
20937
20978
21000
21109
21208
21257
21307
22081
22107
55
105
154
204
303
402
436
477
501
550
600
709
808
832
873
907
956
1004
1103
1202
1251
1301
1350
1400
1509
1608
1707
1731
1772
1806
1905
1939
1970
2002
2036
2077
2101
2150
2200
2309
2325
2358
2374
2408
2507
2556
2606
2705
2754
2804
2903
3000
3109
3125
3158
3174
3208
3257
3307
3406
3505
3554
3604
3703
3752
3802
3901
4008
4057
4073
4081
4099
4107
4206
4305
4404
4503
4552
4602
4628
4651
4677
4701
4800
4909
5005
5104
5153
5203
5302
5351
5401
5427
5450
5476
5500
5609
5658
5708
5807
5906
5922
5948
5963
5989
6003
6102
6201
6300
6326
6359
6375
6409
6508
6607
6631
6672
6706
6755
6805
6904
7001
7100
7209
7258
7308
7357
7407
7456
7506
7605
7704
7803
7902
8009
8058
8108
8207
8256
8306
8405
8454
8504
8603
8702
8801
8900
9007
9056
9106
9205
9239
9270
9304
9403
9452
9502
9551
9601
9700
9759
9809
9908
10005
10039
10104
10203
10237
10278
10302
10401
10500
10609
10658
10708
10807
10856
10906
11003
11029
11052
11078
11102
11201
11250
11300
11409
11508
11532
11573
11607
11631
11672
11706
11722
11748
11763
11789
11805
11904
11953
12001
12100
12209
12233
12274
12308
12407
12456
12506
12605
12704
12803
12852
12902
13009
14007
53
103
202
251
277
301
400
459
509
608
707
806
905
954
1002
1051
1101
1150
1176
1200
1309
1408
1507
1556
1572
1606
1705
1739
1770
1804
1903
1919
1929
1945
1960
1988
2000
2026
2059
2075
2083
2091
2109
2117
2133
2174
2208
2251
2307
2406
2455
2505
2539
2554
2604
2653
2703
2711
2729
2737
2752
2778
2802
2851
2901
3008
3107
3206
3230
3255
3271
3305
3354
3404
3420
3453
3503
3602
3701
3750
3800
3859
3909
4006
4105
4154
4204
4303
4352
4402
4501
4550
4600
4659
4709
4808
4907
5003
5102
5151
5201
5250
5276
5300
5359
5409
5458
5508
5516
5524
5532
5540
5557
5565
5573
5581
5599
5607
5706
5805
5854
5904
5953
6001
6050
6100
6209
6308
6357
6407
6506
6605
6654
6670
6696
6704
6720
6753
6803
6902
6951
7009
7108
7207
7306
7355
7405
7504
7553
7603
7702
7751
7777
7793
7801
7850
7900
7934
7959
8007
8106
8205
8304
8403
8502
8551
8601
8650
8700
8809
8858
8874
8908
9005
9104
9153
9203
9302
9351
9377
9401
9450
9500
9559
9609
9658
9708
9757
9807
9856
9872
9906
9955
9971
10003
10052
10102
10201
10300
10359
10375
10383
10391
10409
10508
10607
10623
10631
10656
10706
10805
10904
10938
10953
10979
11001
11100
11209
11308
11357
11407
11506
11605
11704
101
150
200
309
408
507
606
705
754
804
903
1000
1109
1208
1257
1307
1406
1505
1604
1703
1802
1851
1901
1950
2008
2057
2107
2206
2305
2404
2503
2602
2701
2800
2909
3006
3105
3204
3303
3402
3501
3600
3659
3709
3808
3907
3931
3956
4004
4103
4202
4236
4251
4269
4277
4285
4301
4350
4400
4459
4509
4608
4657
4707
4806
4905
4954
5001
5100
5209
5233
5266
5308
5332
5357
5407
5506
5605
5654
5704
5803
5902
6009
6108
6207
6256
6306
6405
6504
6553
6603
6702
6801
6900
7007
7106
7205
7254
7304
7403
7502
7601
7635
7650
7700
7809
7908
8005
8104
8203
8302
8351
8377
8401
8500
8609
8708
8807
8906
9003
9102
9201
9300
9409
9458
9508
9607
9706
9805
9904
10001
10100
10209
10258
10308
10407
10506
10605
10704
10803
10852
10902
10951
11009
11108
11207
11231
11264
11306
11355
11405
11504
11603
11702
11801
11900
11959
12007
12106
12205
12304
12403
12502
12601
12700
12809
12908
13005
13104
13203
13252
13302
13351
13401
13500
13559
13609
13708
13757
13807
13906
13955
14003
14102
109
208
307
406
505
604
703
802
901
1008
1107
1206
1305
1404
1453
1503
1602
1651
1701
1800
1859
1909
2006
2105
2204
2303
2402
2501
2600
2709
2808
2907
3004
3103
3202
3251
3301
3400
3509
3608
3707
3756
3806
3905
4002
4101
4200
4309
4408
4507
4606
4705
4804
4853
4903
5009
5108
5207
5306
5405
5504
5603
5702
5801
5900
6007
6106
6155
6205
6304
6403
6502
6601
6700
6809
6908
7005
7104
7203
7252
7302
7401
7500
7609
7708
7807
7906
8003
8102
8201
8300
8409
8508
8607
8706
8805
8904
8953
9100
9209
9308
9332
9407
9506
9605
9704
9803
9902
10009
10108
10207
10256
10306
10405
10504
10603
10702
10801
10900
11007
11056
11106
11205
11403
11429
11502
11601
11700
11809
11908
12005
12104
12203
12302
12401
12500
12559
12609
12708
12807
12906
13003
13102
13201
13300
13359
13409
13508
13557
13607
13706
13805
13904
14001
14100
14159
14209
14308
14407
14456
14506
14605
14704
14753
14803
14902
15008
106
205
304
403
502
536
577
601
700
734
775
809
908
1005
1104
1153
1203
1302
1351
1401
1500
1534
1575
1609
1708
1807
1906
2003
2052
2102
2151
2201
2300
2409
2508
2607
2706
2805
2904
3001
3100
3209
3308
3407
3506
3555
3605
3704
3753
3803
3902
4009
4033
4074
4108
4157
4207
4306
4355
4405
4504
4603
4702
4801
4850
4900
5006
5105
5204
5238
5279
5303
5352
5402
5501
5600
5709
5808
5907
6004
6103
6202
6251
6301
6400
6509
6608
6707
6806
6905
7002
7101
7200
7309
7408
7507
7606
7705
7804
7903
8000
8109
8208
8307
8406
8505
8554
8604
8703
8802
8901
9008
9057
9107
9156
9206
9305
9339
9370
9396
9404
9503
9602
9701
9800
9909
10006
10105
10204
10303
10402
10501
10600
10659
10709
10808
10907
11004
11103
11202
11301
11400
11509
11608
11707
11806
11905
12002
12036
12077
12101
12200
12309
12408
12507
12606
12705
12721
12747
12754
12762
12788
12804
12903
13000
13109
13158
13208
13307
13356
13406
13505
13604
13653
13703
13802
13851
13901
13927
13943
13968
13984
14008
14107
14206
14305
14404
14453
14503
14552
14602
14651
14701
14800
14909
15005
15104
15203
15302
15401
15500
15609
15708
15807
15906
15930
15971
16003
16102
16151
16201
16300
16409
16508
16607
16706
16755
16805
16904
17001
17100
17209
17407
54
104
203
302
401
500
609
708
807
906
1003
1052
1102
1201
1300
1409
1508
1607
1706
1805
1904
2001
2100
2209
2308
2407
2506
2605
2704
2803
2902
3009
3108
3207
3306
3405
3454
3504
3603
3702
3801
3900
3926
4007
4106
4155
4205
4304
4403
4502
4601
4700
4809
4908
5004
5103
5152
5202
5301
5400
5459
5509
5608
5707
5806
5905
6002
6101
6200
6309
6408
6507
6606
6705
6804
6903
7000
7109
7208
7307
7406
7505
7604
7653
7703
7752
7802
7901
7950
8008
8057
8107
8206
8255
8305
8404
8453
8503
8602
8701
8750
8800
8909
9006
9105
9154
9204
9303
9402
9501
9600
9709
9808
9907
10004
10103
10202
10301
10400
10509
10608
10707
10806
10905
11002
11101
11200
11309
11408
11507
11533
11606
11705
11804
11903
12000
12109
12208
12307
12406
12455
12471
12505
12554
12604
12703
12802
12901
13008
13107
13206
13305
13404
13503
13602
13701
13800
13909
14006
14105
14204
14303
14402
14501
14600
14709
14808
14857
15003
15102
15201
15300
15409
15508
15607
15706
15805
15904
16001
16100
16183
16209
16308
16407
16506
102
201
300
409
508
607
706
805
904
1001
1100
1209
1308
1357
1407
1506
1605
1704
1803
1902
2009
2108
2207
2306
2355
2405
2504
2553
2603
2702
2801
2900
3007
3106
3205
3304
3403
3502
3601
3700
3759
3809
3908
4005
4104
4203
4302
4401
4500
4609
4708
4807
4906
5002
5101
5200
5309
5408
5507
5606
5705
5804
5903
6000
6109
6208
6307
6406
6422
6448
6505
6604
6703
6802
6901
7008
7107
7206
7305
7404
7503
7602
7701
7800
7909
8006
8105
8204
8303
8402
8501
8600
8709
8808
8907
8956
9004
9103
9152
9202
9301
9400
100
209
308
407
506
605
670
704
1009
1108
1207
1306
1405
1504
1603
1702
1900
2007
2106
2205
2304
2403
2502
2601
2700
2809
2908
3005
3104
3203
3302
3401
3500
3609
3708
3807
3906
4003
4102
4201
4300
4409
4458
4508
4607
4706
4805
4904
5000
5109
5208
5307
5406
5505
5604
5703
5802
5901
6008
6107
6206
6305
6404
6503
6602
6701
6800
6909
7006
7105
7204
7303
7402
7501
7600
108
207
306
355
405
504
603
702
801
900
1007
1106
1155
1205
1304
1353
1403
1502
1601
1700
1809
1908
1957
2005
2054
2104
2203
2252
2302
2401
2500
2609
2658
2708
2807
2906
3003
3102
3201
3235
3276
3300
3409
3508
3607
3706
3805
3904
3953
4001
4050
4100
4209
4308
4407
4506
4605
4704
4753
4803
4852
4902
5008
5107
5156
5206
5305
5404
5503
5602
5701
5800
5909
6006
6105
6204
6303
6402
6501
6600
6709
6808
6824
6857
6873
6899
6907
7004
7103
7202
7301
7400
7509
7558
7608
7707
7806
7905
8002
8101
8200
8309
8408
8507
8606
8705
8804
8903
9000
9109
9208
9307
9406
9505
9604
9703
9802
9901
10008
10057
10107
10206
10305
10404
10503
10602
10701
10727
10750
10776
10800
10859
10909
11006
11105
11204
11253
11303
11402
11501
11600
11659
11709
11808
11857
11907
12004
12103
12202
12301
12400
12509
12608
12707
12806
12905
13002
13101
13200
13309
13408
13457
13507
13606
13705
13804
13903
14000
14109
14208
14307
14406
14505
14604
14653
14703
14802
14901
15007
15106
15205
15304
15353
15403
15502
15601
15700
15809
15908
16005
16104
16203
16302
16401
16500
16609
16708
16807
16856
16906
17003
17102
17201
17300
17334
17359
17409
17508
17607
17706
17805
17904
18001
18100
18209
18308
18357
18407
18456
18506
18555
18605
18704
18753
18803
18902
19009
19058
19108
19157
19207
19306
19405
19504
19553
19603
19702
19801
19900
19926
19959
20007
20106
20205
20304
20403
20452
20502
20601
20700
20809
20908
21005
21054
21104
21203
21302
21401
21450
21500
21609
21708
21807
21906
22003
22052
22102
22201
22250
22300
22409
22508
22607
22656
22706
22730
22755
22805
22854
22904
23001
23035
23050
23100
23209
23308
23357
23407
23506
23605
23704
23803
23902
24009
24058
24108
24207
24306
24405
24504
24603
24652
24678
24702
24801
24900
25006
25105
25204
25253
25303
25402
25501
25600
25709
25758
25808
25907
25931
25956
26004
26103
26202
26301
26400
26509
26608
26657
26707
26806
26905
27002
27101
27200
27309
27408
27507
27606
27705
27804
27903
28000
28059
28109
28208
28307
28406
28505
28604
28703
28802
28901
28950
29008
29057
29107
29206
29255
29305
29354
29370
29404
29503
29602
29701
29750
29800
29909
30006
30105
30154
30204
30303
30402
30501
30600
30709
30758
30766
30774
30808
30907
31004
31053
31103
31202
31301
31350
31400
31509
31608
31707
31806
31905
32002
32101
32200
32309
32408
32457
32507
32606
32705
32804
32903
33000
33059
33109
33158
33174
33208
33257
33307
33406
33455
33505
33604
104
203
302
401
500
609
708
807
906
1003
1102
1201
1300
1409
1508
1607
1631
1706
1805
1904
2001
2050
2100
2209
2308
2407
2506
2605
2704
2803
2852
2902
3009
3108
3207
3306
3405
3504
3603
3702
3751
3801
3900
4007
4106
4205
4304
4403
4452
4502
4601
4700
4809
4908
5004
5103
5202
5301
5400
5509
5608
5707
5905
6002
6101
6200
6309
6408
6507
6606
6655
6705
6804
6903
7000
7109
7208
7307
7406
7505
7604
7703
7802
7901
8008
8107
8206
8255
8305
8404
8503
8552
8602
8701
8800
8909
9006
9105
9204
9253
9303
9402
9451
9501
9600
9709
9808
9907
10004
10103
10202
10301
10400
10509
10608
10707
10806
10905
11002
11101
11150
11200
11309
11408
11507
11606
11705
11804
11903
12000
12059
12109
12208
12307
12406
12505
12604
12653
12703
12802
12901
13008
13107
13206
13305
13404
13503
13602
13701
13800
13909
14006
14105
14204
14303
14402
14501
14550
14600
14709
14808
14907
15003
15102
15201
15300
15359
15409
15458
15474
15508
15607
15706
15805
15904
16001
16100
16159
16209
16308
16407
16506
16605
16704
16803
16902
17009
17108
17207
17306
17405
17504
17603
17702
17801
17836
17876
17900
18007
18106
18205
18304
18403
18502
18601
18700
18809
18908
19005
19104
19203
19302
19401
19500
19609
19708
19807
19906
19955
20003
20102
20151
20201
20300
20409
20508
20607
20706
20805
20839
20870
20904
21001
21100
21209
21258
21308
21407
21506
21605
21704
21803
21902
22009
22108
22207
22306
22355
22405
22454
22470
22504
22603
22702
22801
22900
23007
23106
23205
23304
23403
23502
23528
23601
23700
23809
23858
23908
24005
24104
24203
24302
24401
24500
24609
24708
24807
24906
25002
25101
25200
25309
25408
25507
25606
25705
25804
25903
25952
26000
26109
26208
26307
26406
26505
26604
26703
26752
26802
26901
26950
27008
27057
27073
27107
27206
27305
27339
27354
27370
27388
27404
27503
27602
27701
27800
27909
28006
28105
28204
28253
28303
28402
28501
28600
28709
28808
28907
29004
29103
29202
29301
29400
29509
29608
29657
29707
29806
29905
30002
30051
30101
30200
30309
30408
30507
30556
30606
30655
30705
30804
30903
31000
31109
31158
31208
31307
31406
31505
31604
31703
31802
31901
32008
32107
32206
32305
32404
32503
32602
32701
32800
32909
33006
33105
33204
33303
33402
33501
33600
33709
33758
33808
33907
34004
34103
34202
34301
34400
34509
34608
34707
34806
34905
35001
35050
35076
35100
35209
35308
35357
35407
35456
35506
35605
35704
35803
35902
36009
36108
36207
36306
36405
36504
36520
36553
36579
36603
36652
36702
36801
36900
36959
37007
37106
37205
37304
37403
37502
37536
37601
37700
37809
37908
38005
38104
38203
38302
38351
38401
38500
38609
38625
38658
38674
38682
38708
38807
38906
39003
39102
39201
39250
39300
39409
39508
39607
39706
39805
39904
40001
40100
40159
40209
40308
40407
40506
40530
40555
40605
40704
40803
40852
40902
41009
41108
41207
41306
41405
41504
41603
41702
41801
41900
42007
42106
42205
42254
42304
42403
42502
42601
42700
42809
42908
43005
43104
43153
43203
43302
43401
43450
43500
43609
43708
43807
43906
44003
44102
44201
44300
44359
44375
44409
44508
44607
44656
44672
44706
44805
44904
45000
45059
45109
45208
45307
45356
45372
45406
45455
45505
45604
45703
45802
45851
45877
45901
46008
46107
46206
46255
46305
46404
46503
46552
46602
46701
46750
46909
47006
47105
47204
47303
47402
47501
47600
47709
47808
47907
47956
48004
48103
48202
48301
48400
48509
48608
48707
48756
48806
48905
49002
49101
49150
49200
49309
49408
49507
49606
49705
49804
49903
49952
50000
50109
50158
50208
50307
50406
50505
50539
50570
50604
50703
50802
50901
51008
51107
51206
51305
51404
51503
51602
51701
51800
51909
52006
52105
52131
52170
52204
52303
52402
52501
52600
52709
52808
52907
53004
53103
53202
53301
53400
53509
53608
53707
53806
53905
54002
54101
54150
54200
54309
54408
54457
54507
54606
54705
54804
54903
55009
55108
55207
55306
55405
55504
55603
55702
55801
55900
56007
56106
56205
56304
56403
56452
56502
56601
56700
56809
56908
57005
57104
57203
57252
57278
57302
57336
57377
57401
57500
57609
57658
57708
57807
57906
58003
58102
58201
58300
58409
58508
58607
58706
58805
58904
58953
59001
59100
59209
59308
59357
59407
59506
59605
59704
59803
59902
60009
60108
60207
60306
60405
60454
60504
60603
60702
60801
60900
60959
61007
61056
61106
61205
61304
61403
61502
61601
61650
61700
61809
61908
62005
62104
62203
62252
62302
62401
62450
62500
62559
62575
62609
62658
62708
62807
62906
62922
62948
62955
63003
63102
63201
63300
63409
63508
63607
63706
63805
63904
64001
64100
64209
64308
64407
64431
64472
64506
64605
64704
64803
64902
65008
65107
65206
65305
65404
65503
65537
65552
65560
65578
65602
65701
65800
65909
66006
66105
66204
66303
66402
66501
66600
66709
66808
66907
66956
67004
67103
67202
67301
67400
67509
67608
67707
67806
67905
68002
68051
68101
68200
68309
68408
68507
68606
68705
68804
68903
69000
69059
69109
69208
69307
69356
69406
69505
69604
69703
69802
69901
70008
70057
70107
70206
70305
70404
70438
70479
70503
70529
70578
70602
70651
70701
70750
70800
70909
71006
71030
71071
71105
71154
71204
71303
71402
71501
71600
71709
71808
71907
72004
72103
72202
102
136
169
201
300
359
409
508
607
706
805
904
1001
1100
1159
1209
1308
1407
1506
1605
1704
1803
1902
2009
2108
2207
2256
2306
2405
2454
2504
2553
2603
2652
2702
2801
2900
3007
3056
3106
3130
3163
3205
3304
3320
3346
3353
3403
3502
3601
3700
3809
3908
4005
4054
4104
4203
4252
4302
4351
4401
4500
4559
4609
4658
4708
4807
4906
4955
5002
5010
5036
5069
5101
5150
5176
5200
5309
100
159
209
225
233
258
308
407
456
506
605
704
803
902
936
951
1009
1108
1157
1207
1306
1405
1504
1603
1702
1801
1850
1876
1900
2007
2056
2106
2205
2254
2270
2304
2403
2452
2502
2601
2700
2809
2858
2908
3005
3104
3203
3302
3401
3500
3609
3708
3807
3856
3906
3955
4003
4102
4110
4128
4144
4151
4201
4300
4409
4508
4524
4557
4607
4706
4755
4805
4904
5000
5109
5133
5158
5208
5307
5406
5505
5554
5604
5703
5752
5802
5901
6008
6107
6156
6206
6305
105
204
303
402
501
550
600
709
758
808
907
1004
1103
1152
1202
1301
1400
1509
1608
1707
1806
1905
2002
2101
2200
2309
2408
2507
2606
2705
2754
2804
2903
3000
3109
3158
3208
3307
3356
3406
3505
3604
3703
3802
3901
3950
4008
4107
4206
4305
4404
4503
4602
4701
4800
4909
5005
5104
5203
5302
5351
5401
5500
5609
5708
5807
5906
6003
6102
6201
6300
6359
6409
6508
6607
6706
6805
6904
7001
7100
7159
7209
7308
7407
7456
7506
7605
7704
7753
7803
7902
8009
8108
8207
8306
8405
8504
8603
8702
8801
8900
9007
9106
9205
9254
9304
9403
9452
9502
9601
9700
9809
9908
9957
10005
10104
10153
10203
10302
10401
10500
10609
10708
10807
10906
11003
11102
11201
11300
11409
11508
11607
11706
11904
12001
12100
12209
12308
12407
12506
12605
12704
12803
12902
13009
13108
13207
13306
13405
13504
13603
13702
13801
13850
13900
14007
14106
14205
14304
14403
14502
14601
14700
14809
14908
14924
14957
15004
15103
15129
15152
15186
15194
15202
15301
15350
15400
15509
15608
15657
15707
15806
15905
16002
16101
16200
16309
16408
16507
16606
16705
16804
16853
16903
17000
17109
17208
17307
17406
17505
17604
17703
17802
17901
18008
18107
18206
18305
18404
18503
18602
18701
18800
18859
18909
19006
19055
19071
19105
19204
19253
19303
19402
19501
19600
19709
19808
19907
20004
20103
20202
20301
20400
20426
20442
20509
20608
20707
20806
20905
21002
21101
21150
21200
21309
21408
21507
21606
21705
21804
21903
22000
22109
22158
22208
22307
22406
22505
22604
22653
22703
22802
22901
23008
23107
23206
23305
23404
23503
23602
23701
23800
23909
24006
24105
24204
24303
24402
24501
24600
24709
24808
24907
25003
25102
25201
25300
25409
25508
25607
25706
25805
25854
25904
26001
26100
26209
26308
26407
26506
26605
26704
26803
26902
27009
27108
27207
27256
27306
27405
27504
27603
27702
27801
27900
28007
28106
28205
28304
28403
28502
28601
28700
28809
28858
28908
29005
29104
29203
29302
29401
29500
29609
29658
29708
29807
29906
30003
30102
30201
30300
30409
30508
30607
30706
30805
30904
31001
31100
31209
31308
31407
31506
31605
31704
31803
31902
32009
32058
32108
32157
32207
32306
32405
32504
32603
32702
32801
32827
32843
32868
32900
33007
33106
33205
33254
33304
33403
33502
33601
33700
33809
33908
34005
34104
34203
34302
34401
34500
34609
34708
34757
34807
34906
35002
35101
35200
35309
35408
35507
35606
35705
35804
35903
36000
36109
36208
36257
36307
36406
36505
36570
36604
36703
36802
36901
37008
37107
37156
37206
37305
37404
37503
37602
37701
37800
37909
38006
38105
38204
38303
38501
38600
38709
38808
38907
39004
39103
39202
39301
39400
39509
39608
39707
39806
39905
40002
40101
40200
40259
40309
40408
40507
40606
40705
40754
40804
40853
40903
41000
41059
41109
41208
41307
41406
41505
41604
41653
41703
41802
41901
42008
42107
42206
42305
42404
42503
42602
42701
42800
42909
43006
43105
43204
43238
43253
43303
43402
43501
43600
43709
43808
43907
44004
44103
44202
44251
44301
44400
44509
44608
44707
44806
44905
45001
45100
45159
45209
45308
45407
45506
45605
45704
45803
46009
46108
46207
46256
46306
46405
46504
46603
46702
46801
46900
47007
47106
47205
47304
47403
47502
47601
47650
47700
47809
47908
48005
48054
48104
48203
48302
48401
48500
48609
48708
48807
48906
49003
49102
49201
49250
49300
49409
49508
49607
49706
49805
49904
49953
50001
50100
50209
50308
50407
50506
50605
50704
50803
50902
51009
51108
51207
51306
51405
51504
51603
51702
51801
51900
52007
52106
52205
52304
52403
52502
52551
52601
52700
52809
52908
53005
53104
53203
53302
53401
53500
53609
53658
53708
53807
53856
53906
53955
54003
54102
54201
54300
54409
54508
54607
54656
54706
54755
54805
54904
54953
55000
55109
55208
55307
55356
55406
55505
55604
55703
55802
55901
56008
56107
56206
56305
56354
56404
56453
56503
56602
56701
56800
56909
56958
57006
57105
57154
57204
57303
103
202
301
400
459
509
608
707
806
905
1002
1051
1101
1150
1200
1309
1408
1507
1606
1655
1705
1804
1853
1903
2000
2109
2208
2307
2406
2505
2604
2703
2752
2802
2901
3008
3024
3040
3057
3107
3156
3206
3222
3305
3354
3370
3404
3453
3479
3503
3602
3701
3800
3909
3958
4006
4055
4105
4204
4253
4303
4402
4428
4451
4501
4600
4659
4709
4808
4907
5003
5102
5201
5300
5409
5508
5607
5706
5805
5904
6001
6100
6209
6308
6407
6456
6506
6555
6571
6605
6704
6803
6852
6902
7009
7108
7124
7157
7207
7256
7306
7405
7504
7520
7538
7546
7553
7603
7652
7702
7736
7751
7801
7850
7900
8007
8106
8205
8304
8320
8403
8452
8502
8551
8601
8650
8700
8809
8908
8957
9005
9104
9203
9302
9401
9500
9609
9658
9708
9757
9807
9906
10003
10052
10078
10102
10201
10300
10409
10508
10607
10656
10706
10805
10904
10953
11001
11100
11209
11258
11308
11407
11506
11555
11605
11704
11803
11902
12009
12108
12207
12306
12405
12504
12603
12702
12751
12801
12900
12959
13007
13106
13205
13254
13304
13403
13429
13452
13502
13601
13700
13734
13759
13809
13908
14005
14104
14203
14302
14351
14401
14500
14609
14708
14807
14906
15002
15101
15200
15309
15358
15408
15457
15507
15606
15705
15739
15754
15804
15853
15903
16000
16059
16109
16208
16307
16406
16505
16604
16703
16802
16901
16950
17008
17057
17107
17206
17214
17222
17255
17271
17297
17305
17404
17453
17503
17602
17701
17800
17909
18006
18105
18204
18303
18402
18451
18501
18600
18709
18808
18857
18907
19004
19103
19152
19202
19251
19301
19400
19509
19608
19657
19707
19806
19905
19954
20002
20101
20150
20200
20309
20333
20358
20408
20507
20606
20655
20705
20804
20853
20903
21000
21109
21208
21257
21307
21356
21406
21505
21604
21703
21752
21802
21901
22008
22107
22156
22172
22206
22305
22404
22503
22602
22651
22701
22800
22909
23006
23105
23204
23303
23402
23501
23600
23709
23808
23824
23857
23907
23956
24004
24020
24053
24103
24202
24301
24400
24509
24608
24707
24806
24905
25001
25100
25209
25308
25357
25407
25456
25506
25555
25605
25704
25753
25803
25902
26009
26108
26207
26256
26272
26306
26355
26405
26504
26603
26652
26678
26702
26801
26900
27007
27106
27205
27304
27403
27502
27601
27700
27809
27858
27882
27908
27957
27965
28005
28104
28203
28302
28401
28500
28534
28559
28609
28625
28633
28658
28708
28807
51
101
200
309
408
507
556
606
705
754
804
903
1000
1109
1208
1257
1273
1307
1406
1505
1604
1653
1703
1802
1901
1950
2008
2057
2073
2081
2099
2107
2131
2156
2206
2305
2404
2438
2453
2503
2537
2578
2602
2701
2800
2859
2875
2909
3006
3105
3154
3204
3253
3303
3402
3501
3600
3709
3808
3907
3956
4004
4103
4152
4178
4194
4202
4251
4301
4350
4400
4459
4509
4558
4608
4707
4756
4806
4905
5001
5100
5159
5175
5191
5209
5308
5357
5407
5431
5456
5506
5555
5605
5704
5803
5902
6009
6108
6207
6306
6405
6504
6603
6652
6702
6751
6801
6900
7007
7106
7205
7304
7403
7502
7577
7601
7650
7684
7700
7759
7809
7858
7908
8005
8104
8203
8302
8401
8450
8500
8609
8708
8807
8906
8955
9003
9102
9151
9177
9201
9300
9409
9458
9508
9607
9706
9805
9854
9904
10001
10035
10050
10100
10209
10308
10407
10506
10555
10605
10704
10803
10852
10902
11009
11058
11108
11207
11256
11306
11405
11454
11504
11603
11652
11702
11751
11801
11850
11876
11892
11900
12007
12056
12106
12205
12239
12254
12270
12304
12403
12502
12601
12650
12700
12809
12908
13005
13104
13153
13203
13302
13351
13401
13500
13609
13708
13807
13906
14003
14102
14151
14201
14300
14409
14508
14607
14706
14805
14904
15000
15059
15075
15109
15208
15307
15356
15406
15455
15505
15554
15604
15653
15679
15687
15695
15703
15752
15802
15901
16008
16057
16107
16206
16255
16305
16354
16404
16503
16602
16701
16800
16909
17006
17105
17154
17204
17253
17303
17402
17501
17550
17600
17709
17758
17808
17907
17956
18004
18103
18202
18251
18301
18350
18400
18509
18608
18707
18756
18806
18855
18905
18954
19002
19101
19150
19176
19200
19309
19358
19408
19507
19606
19705
19853
20000
34
59
109
208
307
406
455
471
505
554
570
604
638
646
661
703
802
851
877
901
1008
1057
1073
1107
1206
1305
1404
1503
1552
1602
1636
1651
1701
1750
1800
1859
1875
1909
1925
1958
2006
2055
2105
2154
2204
2220
2238
2253
2303
2352
2378
2402
2451
2501
2584
2600
2659
2709
2808
2907
3004
3103
3202
3301
3400
3509
3558
3608
3673
3707
3806
3905
4002
4101
4200
4309
4358
4408
4507
4606
4614
4622
4630
4655
4663
4671
4689
4697
4705
4713
4804
4853
4903
4952
5009
5108
5116
5124
5132
5157
5173
5207
5306
5355
5371
5405
5439
5447
5454
5504
5587
5603
5702
5801
5835
5850
5871
5900
5934
5959
5975
6007
6056
6072
6106
6130
6205
6304
6320
6353
6379
6403
6429
6452
6502
6551
6601
6700
6734
6759
6767
6809
6908
6924
6932
6957
6973
7005
7054
7104
7203
7302
7401
7450
7500
7559
7609
7708
7807
7815
7831
7864
7906
8003
8052
8078
8102
8201
8250
8300
8409
8433
8458
8508
8607
8656
8706
8805
8854
8904
9001
9050
9100
9126
9159
9209
9258
9308
9407
9506
9555
9571
9605
9654
9704
9753
9803
9902
9951
10009
10108
10207
10306
10330
10363
10405
10413
10439
10462
10504
10538
10553
10579
10603
10652
10702
10751
10801
10850
10876
10900
11007
11106
11122
11130
11155
11205
11239
11254
11270
11304
11403
11429
11502
11601
11627
11643
11700
11718
11734
11759
11775
11791
11809
11908
11981
12005
12054
12104
12138
12153
12179
12203
12252
12302
12351
12377
12385
12401
12427
12443
12450
12476
12500
12609
12617
12625
12658
12674
12708
12757
12807
12906
12955
13003
13011
13037
13060
13086
13102
13201
13300
13334
13359
13375
13391
13409
13425
13441
13466
13490
13508
13607
13656
13706
13805
13904
13953
14001
14027
14035
14050
14068
14076
14100
14134
14159
14175
14209
14308
14407
14423
14456
14464
14472
14498
14506
14548
14555
14605
14704
14753
14779
14787
14803
14902
15008
15057
15073
15107
15131
15149
15156
15172
15206
15305
15313
15321
15354
15404
15453
15503
15552
15602
15701
15750
15800
15909
15958
16006
16105
16204
16303
16402
16428
16436
16451
16477
16501
16600
16709
16733
16758
16808
16907
16956
16972
17004
17103
17202
17251
17301
17400
17509
17558
17608
17707
17756
17806
17905
17954
18002
18051
18101
18200
18309
18408
18424
18432
18440
18457
18465
18481
18499
18507
18606
18614
18622
18705
18804
18903
19000
19109
19125
19158
19208
19307
19356
19364
19372
19406
19505
19604
19703
19711
19737
19752
19802
19901
20008
20107
20206
20230
20263
20305
20321
20354
20404
20453
20503
20552
20578
20602
20651
20677
20701
20800
20859
20909
21006
21105
21204
21303
21329
21352
21402
21436
21451
21469
21477
21493
21501
21600
21626
21634
21667
21709
21808
21832
21857
21907
21956
22004
22103
22152
22186
22202
22251
22301
22327
22343
22350
22376
22400
22509
22525
22533
22541
22558
22608
22707
22806
22855
22905
23002
23101
23200
23309
23358
23408
23457
23507
23606
23705
23754
23770
23804
203
252
609
708
807
856
906
1003
1102
1243
1508
1904
2001
2100
2159
2209
2308
2407
2605
2704
2803
2902
2951
3108
3157
3207
3256
3306
3454
3488
3504
3702
3751
3801
3900
4007
4106
4304
4403
4502
4601
4700
4809
4908
5004
5103
5152
5202
5251
5400
5608
5681
5707
5806
6002
6200
6259
6275
6309
6358
6408
6606
6903
7109
7208
7307
7406
7505
7554
7695
7703
7802
7901
7935
7950
7976
8008
8305
8404
102
201
250
300
359
409
508
607
805
1001
1209
1258
1308
1407
1605
1704
1803
1852
1902
2504
2603
2637
2678
2686
2694
2702
2793
2850
3007
3056
3106
3205
3254
3304
3353
3361
3379
3403
3437
3452
3502
3601
3700
3809
3858
3908
3957
4104
4203
4500
4526
4542
4559
4609
4807
4906
5002
5101
5150
5176
5200
5234
5259
5309
5507
5580
5606
5622
5903
6000
6109
6158
6174
6182
6190
6208
6216
6224
6232
6240
6257
6265
6273
6281
6299
6307
6315
6372
6422
6455
6505
6653
6703
6752
6778
6802
6828
6851
7008
7040
7065
7107
7156
7180
7198
7206
7248
7263
7297
7305
7354
7404
7578
7602
7701
7743
7750
7768
7776
7792
7800
7859
7875
7883
7909
7925
7941
7958
8006
8055
8105
8204
8303
8352
8402
8501
8600
8808
8857
8907
8956
50
100
134
159
175
209
258
308
506
555
605
803
829
852
902
1108
1207
1306
1405
1454
1504
1603
1702
1801
2155
2353
2502
2601
2809
3104
3203
3302
3401
3500
3559
3575
3609
3807
3906
3939
3962
4003
4102
4201
4250
4300
4409
4508
4557
4607
4656
4706
4805
4854
4904
4953
5000
5059
5109
5208
5307
5406
5455
5471
5497
5513
5521
5703
5802
5901
6206
6305
6404
6503
6602
6701
6800
6909
7105
7253
7352
7402
7501
7535
7600
7808
7907
8004
8103
8152
8301
8400
8509
8608
8707
8806
8905
9101
9150
9200
9291
9408
9457
9606
9705
9804
9903
9937
9952
10000
10109
10158
10208
10307
10406
10562
10604
10802
10901
11008
11206
11305
11404
11503
11602
11701
11800
11909
12006
12055
12105
12204
12253
12303
12501
12600
12709
12808
12907
12956
13004
13053
13087
13103
13400
13509
13707
13756
13772
13806
13855
13905
14002
14051
14101
14408
14507
14606
14705
14804
14838
14861
14879
14903
15009
15207
15231
15256
15306
15405
15504
15603
15652
15702
15801
15900
16007
16304
16403
16452
16809
16908
17104
17203
17302
17401
17609
17708
18003
18052
18102
18300
18391
18508
18607
18706
18789
18805
18904
19001
19100
19209
19258
19308
19357
19407
19456
19506
19605
19704
19712
19738
19753
19803
19902
20009
20058
20108
20157
20207
20264
20280
20405
20454
20504
20603
20686
20702
21007
21080
21197
21304
21403
21452
21502
21551
21577
21601
21700
21809
21858
21908
22005
22054
22203
22302
108
