31
56
72
98
114
130
155
205
262
296
320
346
403
502
700
908
940
1104
1302
1435
1468
1484
1500
1609
1757
13
104
179
252
328
344
385
401
435
500
708
29
86
144
300
508
631
706
839
1001
1159
1308
1506
1654
1803
1902
2009
2207
2405
2553
2702
2900
3106
3304
3502
3569
3700
3908
4005
4104
4237
4302
27
100
175
233
308
456
506
704
131
305
404
602
800
909
1006
1204
1303
1451
1576
1709
1758
1808
1956
2103
2202
2400
2608
2756
2772
2855
2939
3002
3077
3101
3309
3457
3606
3754
3903
4059
4208
4406
4455
4604
4752
4901
4976
5031
5106
5304
5437
5494
5536
5601
5650
5809
6005
6112
6161
6195
6302
6401
6559
6609
6807
7003
7151
7300
7458
7474
7607
7755
7904
7961
8001
8050
8100
8159
8308
8407
105
204
238
279
402
535
600
808
301
400
1002
1101
1903
2109
2208
2406
2703
3008
3073
3206
3602
3800
3842
3883
3909
4600
5508
5607
6100
6506
7108
7306
7553
7702
8254
9005
9500
10508
10904
11506
11902
12009
12405
12504
12801
13304
13700
13957
14302
15002
15150
15507
15754
16208
16505
16653
17008
17503
17909
18204
18402
18501
18659
18758
18840
18881
18907
20002
20150
20259
20499
20804
20903
20978
21109
21257
22081
55
154
303
436
501
600
808
873
956
1103
1251
1350
1509
1707
1772
1905
1970
2036
2101
2200
2325
2374
2507
2606
2754
2903
3109
3158
3208
3307
3505
3604
3752
3901
4057
4081
4107
4305
4503
4602
4651
4701
4909
5104
5203
5351
5427
5476
5609
5708
5906
5948
5989
6102
6300
6359
6409
6607
6672
6755
6904
7100
7258
7357
7456
7605
7803
8009
8108
8256
8405
8504
8702
8900
9056
9205
9270
9403
9502
9601
9759
9908
10039
10203
10278
10401
10609
10708
10856
11003
11052
11102
11250
11409
11532
11607
11672
11722
11763
11805
11953
12100
12233
12308
12456
12605
12803
12902
14007
103
251
301
459
608
806
954
1051
1150
1200
1408
1556
1606
1739
1804
1919
1945
1988
2026
2075
2091
2117
2174
2251
2406
2505
2554
2653
2711
2737
2778
2851
3008
3206
3255
3305
3404
3453
3602
3750
3859
4006
4154
4303
4402
4550
4659
4808
5003
5151
5250
5300
5409
5508
5524
5540
5565
5581
5607
5805
5904
6001
6100
6308
6407
6605
6670
6704
6753
6902
7009
7207
7355
7504
7603
7751
7793
7850
7934
8007
8205
8403
8551
8650
8809
8874
9005
9153
9302
9377
9450
9559
9658
9757
9856
9906
9971
10052
10201
10359
10383
10409
10607
10631
10706
10904
10953
11001
11209
11357
11506
11704
150
309
507
705
804
1000
1208
1307
1505
1703
1851
1950
2057
2206
2404
2602
2800
3006
3204
3402
3600
3709
3907
3956
4103
4236
4269
4285
4350
4459
4608
4707
4905
5001
5209
5266
5332
5407
5605
5704
5902
6108
6256
6405
6553
6702
6900
7106
7254
7403
7601
7650
7809
8005
8203
8351
8401
8609
8807
9003
9201
9409
9508
9706
9904
10100
10258
10407
10605
10803
10902
11009
11207
11264
11355
11504
11702
11900
12007
12205
12403
12601
12809
13005
13203
13302
13401
13559
13708
13807
13955
14102
208
406
604
802
1008
1206
1404
1503
1651
1800
1909
2105
2303
2501
2709
2907
3103
3251
3400
3608
3756
3905
4101
4309
4507
4705
4853
5009
5207
5405
5603
5801
6007
6155
6304
6502
6700
6908
7104
7252
7401
7609
7807
8003
8201
8409
8607
8805
8953
9209
9332
9506
9704
9902
10108
10256
10405
10603
10801
11007
11106
11403
11502
11700
11908
12104
12302
12500
12609
12807
13003
13201
13359
13508
13607
13805
14001
14159
14308
14456
14605
14753
14902
106
304
502
577
700
775
908
1104
1203
1351
1500
1575
1708
1906
2052
2151
2300
2508
2706
2904
3100
3308
3506
3605
3753
3902
4033
4108
4207
4355
4504
4702
4850
5006
5204
5279
5352
5501
5709
5907
6103
6251
6400
6608
6806
7002
7200
7408
7606
7804
8000
8208
8406
8554
8703
8901
9057
9156
9305
9370
9404
9602
9800
10006
10204
10402
10600
10709
10907
11103
11301
11509
11707
11905
12036
12101
12309
12507
12705
12747
12762
12804
13000
13158
13307
13406
13604
13703
13851
13927
13968
14008
14206
14404
14503
14602
14701
14909
15104
15302
15500
15708
15906
15971
16102
16201
16409
16607
16755
16904
17100
17407
104
302
500
708
906
1052
1201
1409
1607
1805
2001
2209
2407
2605
2803
3009
3207
3405
3504
3702
3900
4007
4155
4304
4502
4700
4908
5103
5202
5400
5509
5707
5905
6101
6309
6507
6705
6903
7109
7307
7505
7653
7752
7901
8008
8107
8255
8404
8503
8701
8800
9006
9154
9303
9501
9709
9907
10103
10301
10509
10707
10905
11101
11309
11507
11606
11804
12000
12208
12406
12471
12554
12703
12901
13107
13305
13503
13701
13909
14105
14303
14501
14709
14857
15102
15300
15508
15706
15904
16100
16209
16407
102
300
508
706
904
1100
1308
1407
1605
1803
2009
2207
2355
2504
2603
2801
3007
3205
3403
3601
3759
3908
4104
4302
4500
4708
4906
5101
5309
5507
5705
5903
6109
6307
6422
6505
6703
6901
7107
7305
7503
7701
7909
8105
8303
8501
8709
8907
9004
9152
9301
100
308
506
670
1009
1207
1405
1603
1900
2106
2304
2502
2700
2908
3104
3302
3500
3708
3906
4102
4300
4458
4607
4805
5000
5208
5406
5604
5802
6008
6206
6404
6602
6800
7006
7204
7402
7600
207
355
504
702
900
1106
1205
1353
1502
1700
1908
2005
2104
2252
2401
2609
2708
2906
3102
3235
3300
3508
3706
3904
4001
4100
4308
4506
4704
4803
4902
5107
5206
5404
5602
5800
6006
6204
6402
6600
6808
6857
6899
7004
7202
7400
7558
7707
7905
8101
8309
8507
8705
8903
9109
9307
9505
9703
9901
10057
10206
10404
10602
10727
10776
10859
11006
11204
11303
11501
11659
11808
11907
12103
12301
12509
12707
12905
13101
13309
13457
13606
13804
14000
14208
14406
14604
14703
14901
15106
15304
15403
15601
15809
16005
16203
16401
16609
16807
16906
17102
17300
17359
17508
17706
17904
18100
18308
18407
18506
18605
18753
18902
19058
19157
19306
19504
19603
19801
19926
20007
20205
20403
20502
20700
20908
21054
21203
21401
21500
21708
21906
22052
22201
22300
22508
22656
22730
22805
22904
23035
23100
23308
23407
23605
23803
24009
24108
24306
24504
24652
24702
24900
25105
25253
25402
25600
25758
25907
25956
26103
26301
26509
26657
26806
27002
27200
27408
27606
27804
28000
28109
28307
28505
28703
28901
29008
29107
29255
29354
29404
29602
29750
29909
30105
30204
30402
30600
30758
30774
30907
31053
31202
31350
31509
31707
31905
32101
32309
32457
32606
32804
33000
33109
33174
33257
33406
33505
104
302
500
708
906
1102
1300
1508
1631
1805
2001
2100
2308
2506
2704
2852
3009
3207
3405
3603
3751
3900
4106
4304
4452
4601
4809
5004
5202
5400
5608
5905
6101
6309
6507
6655
6804
7000
7208
7406
7604
7802
8008
8206
8305
8503
8602
8800
9006
9204
9303
9451
9600
9808
10004
10202
10400
10608
10806
11002
11150
11309
11507
11705
11903
12059
12208
12406
12604
12703
12901
13107
13305
13503
13701
13909
14105
14303
14501
14600
14808
15003
15201
15359
15458
15508
15706
15904
16100
16209
16407
16605
16803
17009
17207
17405
17603
17801
17876
18007
18205
18403
18601
18809
19005
19203
19401
19609
19807
19955
20102
20201
20409
20607
20805
20870
21001
21209
21308
21506
21704
21902
22108
22306
22405
22470
22603
22801
23007
23205
23403
23528
23700
23858
24005
24203
24401
24609
24807
25002
25200
25408
25606
25804
25952
26109
26307
26505
26703
26802
26950
27057
27107
27305
27354
27388
27503
27701
27909
28105
28253
28402
28600
28808
29004
29202
29400
29608
29707
29905
30051
30200
30408
30556
30655
30804
31000
31158
31307
31505
31703
31901
32107
32305
32503
32701
32909
33105
33303
33501
33709
33808
34004
34202
34400
34608
34806
35001
35076
35209
35357
35456
35605
35803
36009
36207
36405
36520
36579
36652
36801
36959
37106
37304
37502
37601
37809
38005
38203
38351
38500
38625
38674
38708
38906
39102
39250
39409
39607
39805
40001
40159
40308
40506
40555
40704
40852
41009
41207
41405
41603
41801
42007
42205
42304
42502
42700
42908
43104
43203
43401
43500
43708
43906
44102
44300
44375
44508
44656
44706
44904
45059
45208
45356
45406
45505
45703
45851
45901
46107
46255
46404
46552
46701
46909
47105
47303
47501
47709
47907
48004
48202
48400
48608
48756
48905
49101
49200
49408
49606
49804
49952
50109
50208
50406
50539
50604
50802
51008
51206
51404
51602
51800
52006
52131
52204
52402
52600
52808
53004
53202
53400
53608
53806
54002
54150
54309
54457
54606
54804
55009
55207
55405
55603
55801
56007
56205
56403
56502
56700
56908
57104
57252
57302
57377
57500
57658
57807
58003
58201
58409
58607
58805
58953
59100
59308
59407
59605
59803
60009
60207
60405
60504
60702
60900
61007
61106
61304
61502
61650
61809
62005
62203
62302
62450
62559
62609
62708
62906
62948
63003
63201
63409
63607
63805
64001
64209
64407
64472
64605
64803
65008
65206
65404
65537
65560
65602
65800
66006
66204
66402
66600
66808
66956
67103
67301
67509
67707
67905
68051
68200
68408
68606
68804
69000
69109
69307
69406
69604
69802
70008
70107
70305
70438
70503
70578
70651
70750
70909
71030
71105
71204
71402
71600
71808
72004
72202
136
201
359
508
706
904
1100
1209
1407
1605
1803
2009
2207
2306
2454
2553
2652
2801
3007
3106
3163
3304
3346
3403
3601
3809
4005
4104
4252
4351
4500
4609
4708
4906
5002
5036
5101
5176
5309
159
225
258
407
506
704
902
951
1108
1207
1405
1603
1801
1876
2007
2106
2254
2304
2452
2601
2809
2908
3104
3302
3500
3708
3856
3955
4102
4128
4151
4300
4508
4557
4706
4805
5000
5133
5208
5406
5554
5703
5802
6008
6156
6305
204
402
550
709
808
1004
1152
1301
1509
1707
1905
2101
2309
2507
2705
2804
3000
3158
3307
3406
3604
3802
3950
4107
4305
4503
4701
4909
5104
5302
5401
5609
5807
6003
6201
6359
6508
6706
6904
7100
7209
7407
7506
7704
7803
8009
8207
8405
8603
8801
9007
9205
9304
9452
9601
9809
9957
10104
10203
10401
10609
10807
11003
11201
11409
11607
11904
12100
12308
12506
12704
12902
13108
13306
13504
13702
13850
14007
14205
14403
14601
14809
14924
15004
15129
15186
15202
15350
15509
15657
15806
16002
16200
16408
16606
16804
16903
17109
17307
17505
17703
17901
18107
18305
18503
18701
18859
19006
19071
19204
19303
19501
19709
19907
20103
20301
20426
20509
20707
20905
21101
21200
21408
21606
21804
22000
22158
22307
22505
22653
22802
23008
23206
23404
23602
23800
24006
24204
24402
24600
24808
25003
25201
25409
25607
25805
25904
26100
26308
26506
26704
26902
27108
27256
27405
27603
27801
28007
28205
28403
28601
28809
28908
29104
29302
29500
29658
29807
30003
30201
30409
30607
30805
31001
31209
31407
31605
31803
32009
32108
32207
32405
32603
32801
32843
32900
33106
33254
33403
33601
33809
34005
34203
34401
34609
34757
34906
35101
35309
35507
35705
35903
36109
36257
36406
36570
36703
36901
37107
37206
37404
37602
37800
38006
38204
38501
38709
38907
39103
39301
39509
39707
39905
40101
40259
40408
40606
40754
40853
41000
41109
41307
41505
41653
41802
42008
42206
42404
42602
42800
43006
43204
43253
43402
43600
43808
44004
44202
44301
44509
44707
44905
45100
45209
45407
45605
45803
46108
46256
46405
46603
46801
47007
47205
47403
47601
47700
47908
48054
48203
48401
48609
48807
49003
49201
49300
49508
49706
49904
50001
50209
50407
50605
50803
51009
51207
51405
51603
51801
52007
52205
52403
52551
52700
52908
53104
53302
53500
53658
53807
53906
54003
54201
54409
54607
54706
54805
54953
55109
55307
55406
55604
55802
56008
56206
56354
56453
56602
56800
56958
57105
57204
103
301
459
608
806
1002
1101
1200
1408
1606
1705
1853
2000
2208
2406
2604
2752
2901
3024
3057
3156
3222
3354
3404
3479
3602
3800
3958
4055
4204
4303
4428
4501
4659
4808
5003
5201
5409
5607
5805
6001
6209
6407
6506
6571
6704
6852
7009
7124
7207
7306
7504
7538
7553
7652
7736
7801
7900
8106
8304
8403
8502
8601
8700
8908
9005
9203
9401
9609
9708
9807
10003
10078
10201
10409
10607
10706
10904
11001
11209
11308
11506
11605
11803
12009
12207
12405
12603
12751
12900
13007
13205
13304
13429
13502
13700
13759
13908
14104
14302
14401
14609
14807
15002
15200
15358
15457
15606
15739
15804
15903
16059
16208
16406
16604
16802
16950
17057
17206
17222
17271
17305
17453
17602
17800
18006
18204
18402
18501
18709
18857
19004
19152
19251
19400
19608
19707
19905
20002
20150
20309
20358
20507
20655
20804
20903
21109
21257
21356
21505
21703
21802
22008
22156
22206
22404
22602
22701
22909
23105
23303
23501
23709
23824
23907
24004
24053
24202
24400
24608
24806
25001
25209
25357
25456
25555
25704
25803
26009
26207
26272
26355
26504
26652
26702
26900
27106
27304
27502
27700
27858
27908
27965
28104
28302
28500
28559
28625
28658
28807
101
309
507
606
754
903
1109
1257
1307
1505
1653
1802
1950
2057
2081
2107
2156
2305
2438
2503
2578
2701
2859
2909
3105
3204
3303
3501
3709
3907
4004
4152
4194
4251
4350
4459
4558
4707
4806
5001
5159
5191
5308
5407
5456
5555
5704
5902
6108
6306
6504
6652
6751
6900
7106
7304
7502
7601
7684
7759
7858
8005
8203
8401
8500
8708
8906
9003
9151
9201
9409
9508
9706
9854
10001
10050
10209
10407
10555
10704
10852
11009
11108
11256
11405
11504
11652
11751
11850
11892
12007
12106
12239
12270
12403
12601
12700
12908
13104
13203
13351
13500
13708
13906
14102
14201
14409
14607
14805
15000
15075
15208
15356
15455
15554
15653
15687
15703
15802
16008
16107
16255
16354
16503
16701
16909
17105
17204
17303
17501
17600
17758
17907
18004
18202
18301
18400
18608
18756
18855
18954
19101
19176
19309
19408
19606
19853
34
109
307
455
505
570
638
661
802
877
1008
1073
1206
1404
1552
1636
1701
1800
1875
1925
2006
2105
2204
2238
2303
2378
2451
2584
2659
2808
3004
3202
3400
3558
3673
3806
4002
4200
4358
4507
4614
4630
4663
4689
4705
4804
4903
5009
5116
5132
5173
5306
5371
5439
5454
5587
5702
5835
5871
5934
5975
6056
6106
6205
6320
6379
6429
6502
6601
6734
6767
6908
6932
6973
7054
7203
7401
7500
7609
7807
7831
7906
8052
8102
8250
8409
8458
8607
8706
8854
9001
9100
9159
9258
9407
9555
9605
9704
9803
9951
10108
10306
10363
10413
10462
10538
10579
10652
10751
10850
10900
11106
11130
11205
11254
11304
11429
11601
11643
11718
11759
11791
11908
12005
12104
12153
12203
12302
12377
12401
12443
12476
12609
12625
12674
12757
12906
13003
13037
13086
13201
13334
13375
13409
13441
13490
13607
13706
13904
14001
14035
14068
14100
14159
14209
14407
14456
14472
14506
14555
14704
14779
14803
15008
15073
15131
15156
15206
15313
15354
15453
15552
15701
15800
15958
16105
16303
16428
16451
16501
16709
16758
16907
16972
17103
17251
17400
17558
17707
17806
17954
18051
18200
18408
18432
18457
18481
18507
18614
18705
18903
19109
19158
19307
19364
19406
19604
19711
19752
19901
20107
20230
20305
20354
20453
20552
20602
20677
20800
20909
21105
21303
21352
21436
21469
21493
21600
21634
21709
21832
21907
22004
22152
22202
22301
22343
22376
22509
22533
22558
22707
22855
23002
23200
23358
23457
23606
23754
23804
252
708
856
1003
1243
1904
2100
2209
2407
2704
2902
3108
3207
3306
3488
3702
3801
4007
4304
4502
4700
4908
5103
5202
5400
5681
5806
6200
6275
6358
6606
7109
7307
7505
7695
7802
7935
7976
8305
102
250
359
508
805
1209
1308
1605
1803
1902
2603
2678
2694
2793
3007
3106
3254
3353
3379
3437
3502
3700
3858
3957
4203
4526
4559
4807
5002
5150
5200
5259
5507
5606
5903
6109
6174
6190
6216
6232
6257
6273
6299
6315
6422
6505
6703
6778
6828
7008
7065
7156
7198
7248
7297
7354
7578
7701
7750
7776
7800
7875
7909
7941
8006
8105
8303
8402
8600
8857
8956
100
159
209
308
555
803
852
1108
1306
1454
1603
1801
2353
2601
3104
3302
3500
3575
3807
3939
4003
4201
4300
4508
4607
4706
4854
4953
5059
5208
5406
5471
5513
5703
5901
6305
6503
6701
6909
7253
7402
7535
7808
8004
8152
8400
8608
8806
9101
9200
9408
9606
9804
9937
10000
10158
10307
10562
10802
11008
11305
11503
11701
11909
12055
12204
12303
12600
12808
12956
13053
13103
13509
13756
13806
13905
14051
14408
14606
14804
14861
14903
15207
15256
15405
15603
15702
15900
16304
16452
16908
17203
17401
17708
18052
18300
18508
18706
18805
19001
19209
19308
19407
19506
19704
19738
19803
20009
20108
20207
20280
20454
20603
20702
21080
21304
21452
21551
21601
21809
21908
22054
22302
108
